command line: main.py
Namespace(alpha=1000, beta=0.01, dataset_name='acm', dataset_path='./data', log_save_dir='./log', num_node=508, step_size=0.01, threshold=0.0034)

f1:0.4444444444444445
presicion:0.4357142857142857
recall:0.45353159851301117